108
-1.0   1.0  -1.0 
-1.0  -1.0  -1.0 
 1.0  -1.0  -1.0 
 1.0  -1.0  -1.0 
 1.0   1.0  -1.0 
-1.0   1.0  -1.0 

-1.0  -1.0   1.0 
-1.0  -1.0  -1.0 
-1.0   1.0  -1.0 
-1.0   1.0  -1.0 
-1.0   1.0   1.0 
-1.0  -1.0   1.0 

 1.0  -1.0  -1.0 
 1.0  -1.0   1.0 
 1.0   1.0   1.0 
 1.0   1.0   1.0 
 1.0   1.0  -1.0 
 1.0  -1.0  -1.0 

-1.0  -1.0   1.0 
-1.0   1.0   1.0 
 1.0   1.0   1.0 
 1.0   1.0   1.0 
 1.0  -1.0   1.0 
-1.0  -1.0   1.0 

-1.0   1.0  -1.0 
 1.0   1.0  -1.0 
 1.0   1.0   1.0 
 1.0   1.0   1.0 
-1.0   1.0   1.0 
-1.0   1.0  -1.0 

-1.0  -1.0  -1.0 
-1.0  -1.0   1.0 
 1.0  -1.0  -1.0 
 1.0  -1.0  -1.0 
-1.0  -1.0   1.0 
 1.0  -1.0   1.0  

0   

54

0 1 3  1 2 3 
7 5 4  7 6 5 
8 9 11  9 10 11 
15 13 12  15 14 13 
16 17 19  17 18 19 
20 21 23 21 22 23
24 25 27 25 26 27
28 29 31 29 30 31
32 33 35 33 34 35
36 37 39 37 38 39
40 41 43 41 42 43
44 45 47 45 46 47